# Created by Octave 3.2.4, Sun Jan 20 23:28:20 2013 EST <sven@neu>
# name: datnew
# type: matrix
# rows: 12
# columns: 3
# duration interval geyserheight			   
 122 62 140
 113 62 160
 105 62 150
 114 58 155
 120 57 139
 103 62 140
 102 56 100
 127 74 130
 140 61 131
 134 73 153
 124 67 140
 120 69 130
